1000 2
967.534 -128.832 
338.643 154.276 
-542.050 941.199 
-583.441 -599.668 
426.467 -910.266 
-519.707 634.376 
-39.137 -438.932 
-781.189 -491.300 
350.206 656.983 
784.324 477.999 
60.551 -782.660 
153.328 -74.533 
754.411 -831.735 
-592.554 -261.246 
771.122 252.314 
-333.376 768.067 
23.724 632.182 
-384.605 184.522 
463.829 644.967 
-878.093 266.605 
-159.274 975.690 
-755.717 -946.318 
304.769 -42.881 
895.915 -234.112 
994.227 -443.161 
-790.956 207.643 
987.130 -791.315 
-247.187 125.155 
-104.494 55.986 
-986.020 -670.442 
-22.323 617.435 
-258.546 734.839 
189.728 -348.105 
-466.581 676.900 
-417.444 642.266 
-237.807 -905.854 
175.970 573.338 
386.097 -992.317 
-5.624 -948.960 
387.883 90.754 
71.678 -355.417 
-848.040 589.526 
519.044 238.570 
-724.946 369.765 
-904.802 6.012 
995.726 -278.836 
111.467 -185.861 
427.321 483.503 
-877.666 -89.624 
917.216 -9.228 
-618.011 334.540 
553.490 -989.926 
-173.223 239.788 
667.794 414.781 
-630.971 -578.736 
-424.941 691.850 
535.208 925.728 
-559.730 -275.826 
960.561 -91.138 
249.018 764.877 
302.105 -127.996 
-652.350 -74.432 
268.326 -132.953 
441.526 -294.580 
64.159 533.075 
646.772 -844.065 
271.894 489.048 
-977.950 -311.059 
448.968 528.048 
-920.698 -753.058 
-510.907 735.616 
366.985 658.365 
-507.991 -466.873 
613.078 -468.916 
-865.356 186.750 
622.710 -354.465 
955.962 -81.365 
-215.600 774.766 
189.072 -496.986 
-381.599 -770.131 
844.147 945.245 
839.270 436.707 
-570.851 -182.236 
869.787 -691.691 
802.705 -692.614 
-86.634 614.664 
63.854 362.231 
-991.802 345.057 
466.860 -181.086 
890.468 -730.890 
461.514 -106.140 
135.723 -469.583 
613.108 800.767 
-513.979 795.076 
309.607 -242.209 
771.038 -401.564 
-815.555 -595.524 
-905.252 -347.944 
-71.686 721.902 
-460.741 632.828 
-220.119 485.276 
-984.827 789.294 
712.549 -132.775 
989.691 115.278 
805.758 300.958 
603.294 -898.041 
86.322 -99.045 
778.478 45.482 
759.027 683.391 
-950.256 308.970 
-142.815 -489.364 
-515.775 -12.865 
895.859 -250.125 
-47.313 -535.626 
926.610 658.849 
-586.682 -54.760 
856.684 -110.526 
683.740 -217.357 
345.300 205.519 
273.713 403.927 
629.102 -730.119 
845.435 836.027 
933.787 -44.997 
-322.304 -855.357 
137.753 -402.925 
-881.555 957.219 
-712.718 -57.688 
515.399 -874.056 
-81.061 531.289 
-171.816 -543.284 
-41.275 -826.528 
-463.259 937.468 
21.208 -684.918 
-903.995 -973.975 
-610.259 74.729 
-521.974 152.232 
707.906 -194.862 
-655.218 745.524 
630.380 172.254 
-718.791 434.192 
-922.576 -512.496 
-463.422 -784.709 
-902.950 -773.324 
-872.889 210.069 
429.121 -852.892 
-488.776 237.567 
-221.848 -374.446 
-771.435 697.157 
242.497 -574.853 
486.469 -879.996 
-152.473 875.150 
451.229 480.485 
494.838 729.699 
153.969 -183.149 
-785.426 -396.806 
497.834 210.225 
983.903 387.380 
117.592 -200.245 
-365.895 215.320 
759.039 -270.053 
-947.109 -665.394 
791.150 -301.128 
-790.447 387.283 
-518.810 -273.032 
-272.334 -235.840 
-324.946 449.570 
-589.788 -743.694 
664.780 545.187 
-804.924 -522.654 
-905.156 548.753 
-427.937 454.080 
303.141 -699.875 
-53.977 -329.858 
708.114 856.964 
-536.390 -234.818 
951.041 100.534 
-598.025 914.426 
893.390 -931.364 
943.792 794.991 
737.199 -812.745 
129.389 -824.045 
-153.051 -220.130 
-763.219 402.743 
299.969 619.898 
571.061 527.162 
-471.116 722.259 
-589.659 233.141 
-301.029 427.616 
-253.231 -851.462 
351.053 -750.499 
-733.450 -569.819 
-97.049 -612.458 
-106.418 -128.733 
-51.696 628.021 
104.813 -680.169 
-914.480 -70.462 
-398.606 -564.654 
594.807 -652.551 
-630.627 -959.905 
-289.229 -163.688 
-692.583 -301.621 
-422.500 66.380 
583.204 357.496 
660.308 918.136 
-190.188 902.908 
-980.468 -963.026 
58.438 543.442 
-271.773 -411.168 
575.793 373.560 
-117.045 -109.808 
-123.817 962.708 
107.375 98.923 
-424.229 567.081 
971.325 305.671 
441.835 -199.250 
-635.438 -612.437 
-358.868 684.372 
-794.207 488.718 
71.579 225.118 
-395.360 445.546 
-864.327 -20.088 
129.459 -159.492 
539.143 -986.555 
-770.955 -218.572 
-261.304 -188.367 
-409.334 -847.307 
-882.295 114.185 
682.132 281.289 
865.666 683.760 
767.709 -598.631 
559.226 -549.991 
-147.164 476.555 
348.615 13.436 
-615.981 219.188 
-562.001 -915.248 
895.672 642.294 
681.444 -997.857 
83.741 -431.633 
-224.913 825.365 
-685.456 870.117 
-794.181 827.106 
486.433 651.456 
642.531 -399.757 
-483.084 515.719 
51.836 -947.518 
449.282 -185.369 
-90.937 -703.808 
18.799 -823.423 
821.838 -361.074 
-163.639 416.210 
-317.153 103.305 
-982.406 -148.152 
-471.911 -294.006 
-126.741 671.004 
-428.926 903.566 
66.882 59.053 
442.820 556.663 
-280.029 298.743 
-312.976 391.292 
-649.636 558.149 
-517.822 -554.124 
512.968 -705.410 
478.992 493.619 
-738.853 -666.069 
-81.651 10.916 
581.413 -791.748 
-387.392 -697.902 
351.765 -38.152 
269.949 -802.983 
-759.469 -362.108 
123.891 295.977 
925.419 -785.170 
186.046 -69.519 
-737.379 -207.310 
117.013 -52.262 
-899.776 -243.852 
32.727 -78.743 
-604.700 834.852 
747.228 491.943 
759.996 -249.200 
-72.760 -647.878 
-969.227 -0.710 
-568.518 181.597 
847.726 983.584 
-319.151 356.433 
408.579 -530.807 
311.084 -966.496 
803.891 -220.225 
750.536 350.535 
391.264 249.531 
-248.017 597.512 
-224.161 -432.018 
75.008 464.603 
-952.596 -450.153 
124.786 298.669 
-607.476 -460.113 
722.677 82.841 
39.254 -256.447 
-385.531 134.377 
884.712 -249.389 
-592.674 -686.747 
-416.882 359.989 
548.785 -415.472 
800.064 -471.299 
-472.119 70.989 
432.983 -46.147 
-839.824 -957.466 
627.550 -768.452 
573.752 353.705 
-521.049 437.847 
-270.907 -483.808 
548.565 809.957 
562.376 -689.859 
541.015 32.572 
-270.717 -792.301 
360.540 -519.849 
-256.423 662.871 
28.591 -370.542 
46.810 171.198 
-408.116 342.709 
238.106 -272.166 
711.187 -353.073 
628.195 438.332 
-582.726 365.428 
-98.387 -845.092 
-597.913 939.817 
-230.832 49.854 
-861.714 -454.433 
-438.761 512.254 
573.640 -628.383 
163.750 -768.560 
-783.526 522.823 
-167.652 -994.431 
743.491 -296.965 
-763.881 -139.872 
769.419 -90.012 
778.827 -151.453 
573.012 351.278 
240.089 893.329 
940.104 -437.057 
515.755 -957.111 
863.510 -212.558 
-452.932 64.359 
262.014 399.947 
594.692 731.798 
-691.229 -605.413 
-85.218 -320.697 
652.191 -258.993 
86.694 411.816 
98.810 -41.088 
63.439 24.402 
358.425 -939.935 
164.967 154.170 
-732.323 -220.533 
-655.741 19.617 
331.093 644.119 
-210.629 950.199 
-903.598 -205.581 
450.782 -701.801 
-338.742 341.826 
404.292 -954.485 
-748.873 116.362 
756.779 -342.874 
-871.585 -505.671 
-97.506 709.591 
184.930 -223.414 
414.690 906.164 
-162.211 400.563 
-778.209 -351.216 
-977.093 199.002 
-286.798 201.467 
454.067 -88.527 
43.202 -368.293 
-897.683 510.285 
386.318 146.074 
553.422 841.836 
97.087 845.670 
879.086 259.431 
-364.331 -184.084 
13.475 882.009 
-248.749 89.087 
-11.788 355.660 
971.309 -266.895 
147.890 150.372 
-561.627 581.393 
221.468 507.616 
-674.375 302.355 
-192.774 748.211 
-975.554 -373.230 
-322.463 406.107 
634.228 -976.574 
295.920 -843.374 
461.395 173.480 
-371.964 -860.479 
-667.722 761.088 
-167.114 -601.155 
433.985 -52.193 
635.340 -212.837 
827.613 -789.266 
-439.980 953.746 
184.348 -309.527 
884.529 464.573 
117.410 -345.840 
-460.595 -507.081 
519.264 -443.504 
840.911 -436.397 
497.132 930.931 
674.999 571.795 
313.283 999.374 
-322.429 260.182 
-401.400 43.328 
561.461 844.515 
-863.065 -278.024 
-379.039 -142.702 
111.597 -429.954 
879.154 -290.353 
-693.719 -725.294 
850.538 -647.235 
731.844 634.313 
-133.809 538.756 
-594.115 276.153 
-384.190 -945.622 
407.028 997.704 
366.095 7.444 
718.104 704.797 
284.669 727.125 
-423.814 -599.216 
696.753 720.861 
-381.387 178.234 
587.029 106.995 
818.557 -113.522 
490.189 276.071 
298.731 -419.163 
-558.241 131.656 
405.605 -118.296 
-509.154 -912.403 
966.719 -481.303 
473.468 -502.626 
-881.930 -948.685 
-949.617 955.791 
-771.768 65.097 
268.818 904.602 
863.642 402.234 
-661.931 -517.514 
-262.461 190.267 
-458.945 -192.158 
-540.725 21.579 
509.274 -741.032 
-285.025 384.031 
97.116 -601.815 
-480.263 -679.506 
-900.958 -322.812 
21.528 -692.114 
527.215 -212.774 
-980.849 -504.681 
-714.521 -511.593 
-994.931 -144.564 
967.019 885.293 
174.753 637.759 
-80.846 -574.254 
481.029 585.605 
-92.720 -92.070 
-18.662 317.007 
-812.060 47.634 
226.813 692.754 
-128.935 738.645 
125.598 -748.291 
-284.242 -624.478 
717.818 687.779 
257.087 -972.229 
827.511 -864.612 
452.762 -450.733 
-720.004 -347.069 
-865.716 672.536 
-891.931 -476.857 
-209.058 -868.404 
-436.646 -521.508 
704.648 -378.859 
-317.781 159.599 
-61.691 -459.263 
-436.870 932.760 
925.859 861.528 
-610.656 -615.463 
-678.435 -338.785 
-56.172 975.285 
434.494 72.319 
-361.096 -183.469 
-396.356 -220.335 
82.832 847.372 
-468.851 722.436 
-210.347 68.887 
-211.036 150.132 
896.977 -628.988 
-935.153 -972.631 
333.600 -439.562 
-709.060 -978.093 
-1.443 924.106 
-636.674 206.509 
-511.558 -148.688 
-356.415 784.827 
-346.032 -142.825 
580.508 66.510 
-813.365 -861.278 
76.146 7.505 
950.914 -686.371 
664.346 772.012 
650.706 849.300 
80.054 857.770 
326.579 -200.151 
667.730 42.968 
220.358 -927.647 
806.395 990.093 
959.946 -872.686 
-570.085 854.688 
732.912 -444.616 
330.527 -149.456 
-257.050 233.295 
-967.358 -446.430 
288.994 118.501 
-775.053 412.055 
797.497 518.480 
293.478 -577.289 
-10.100 616.418 
-27.769 -907.623 
838.517 535.514 
-801.325 -48.399 
249.969 809.201 
-765.159 -601.896 
504.174 -877.939 
-205.256 -533.931 
455.568 -561.928 
-490.902 -576.400 
678.043 870.726 
-740.726 -869.234 
-695.649 -137.936 
904.771 -766.181 
-457.482 -404.521 
233.710 -578.567 
421.286 -58.544 
268.384 941.178 
925.181 595.495 
811.933 654.233 
-413.260 571.875 
916.981 706.938 
-485.687 607.581 
314.547 87.725 
-403.770 446.806 
-319.656 -282.448 
557.292 590.687 
-947.846 -44.537 
618.331 -630.737 
-762.915 -302.216 
-355.267 -57.888 
321.104 609.948 
452.856 812.004 
-671.935 904.042 
336.978 -645.749 
613.918 987.183 
-321.511 -315.946 
723.510 -381.938 
825.922 -638.430 
402.297 -491.420 
-202.987 665.885 
910.576 -738.838 
500.903 -614.021 
-496.716 -581.675 
342.114 277.296 
-96.220 -337.692 
-130.732 527.612 
837.677 -9.269 
770.154 404.644 
841.189 11.986 
-865.479 726.548 
258.933 -165.608 
-946.645 828.487 
-141.888 -852.550 
-672.946 -355.816 
-969.089 752.757 
277.555 523.949 
-29.481 839.680 
960.302 -595.534 
-710.433 603.580 
770.632 -29.188 
-378.183 11.373 
-714.550 -991.276 
-351.917 -758.301 
458.930 161.623 
59.865 233.081 
498.887 952.911 
-57.715 345.538 
-843.165 37.098 
84.950 646.789 
-801.635 -28.470 
280.424 -5.566 
657.549 -403.946 
631.082 554.203 
-962.436 109.100 
774.167 683.879 
-424.938 198.763 
545.974 173.379 
-928.738 -725.561 
333.962 778.839 
-537.420 466.397 
2.248 -699.619 
-616.411 541.579 
456.118 481.888 
456.444 -336.777 
160.528 -490.922 
554.320 148.053 
-232.006 -729.435 
974.183 487.818 
-37.482 -199.096 
-367.434 44.973 
100.417 -758.628 
974.296 268.805 
-168.647 357.175 
-93.294 -52.333 
15.642 984.359 
-211.031 566.298 
594.087 365.217 
-910.862 -938.948 
288.533 34.851 
47.310 -592.824 
-56.733 -285.562 
-221.446 39.928 
21.568 -852.125 
271.616 261.409 
-436.722 596.653 
-684.566 387.521 
798.073 -301.190 
378.333 944.225 
315.076 868.577 
-799.331 -733.543 
77.322 -710.121 
-609.064 -69.096 
536.194 12.334 
754.481 662.973 
610.658 -549.517 
-465.450 -383.708 
61.513 265.658 
-444.772 983.739 
-611.236 -878.065 
-723.272 912.698 
869.377 -263.430 
-934.731 -366.106 
662.641 736.886 
-135.395 -673.715 
-95.515 676.129 
-363.538 994.637 
-865.807 -209.353 
627.797 -528.340 
-36.692 125.007 
-499.154 -521.887 
-333.076 -97.415 
986.263 805.606 
132.133 521.723 
-94.377 295.169 
-523.295 494.831 
-552.444 770.209 
-889.870 -229.165 
414.687 -96.004 
899.335 100.616 
-476.139 -118.238 
191.763 433.124 
-21.036 804.410 
-701.619 -443.606 
-950.797 -736.412 
-244.692 -252.693 
-234.465 709.827 
-271.645 229.020 
924.338 -665.146 
910.932 585.478 
-2.066 256.479 
956.631 -442.619 
413.624 -308.307 
-309.998 -717.929 
604.615 343.365 
431.427 -814.276 
604.612 -869.355 
404.980 283.038 
-311.080 971.291 
-175.027 -69.529 
-889.997 53.470 
-886.450 312.287 
771.814 -255.614 
-161.569 -780.287 
987.057 260.981 
341.694 -901.129 
549.114 -327.517 
285.272 765.805 
128.099 122.228 
670.059 -656.021 
-463.276 747.442 
511.358 255.036 
-281.546 979.812 
853.770 16.493 
498.281 768.809 
-19.327 361.535 
734.147 483.118 
214.878 -87.874 
-133.314 -214.387 
550.599 945.933 
672.128 -578.125 
-388.780 920.988 
-782.744 575.154 
-652.574 410.384 
11.435 381.627 
-576.947 -544.575 
-128.279 788.245 
862.863 -245.378 
293.003 -698.441 
262.560 770.674 
979.450 112.760 
218.669 952.086 
-172.219 394.647 
-205.930 698.072 
818.336 -812.738 
917.499 949.952 
-823.831 416.590 
-99.683 -67.213 
978.823 -472.193 
-60.139 915.737 
-119.517 564.331 
986.492 171.364 
-778.363 -120.616 
-891.299 122.227 
-783.247 96.960 
647.288 -101.606 
174.762 -452.078 
-636.587 500.176 
595.178 -327.150 
236.017 689.303 
-274.004 125.533 
696.137 426.053 
502.008 325.230 
587.975 856.098 
22.097 325.259 
-762.171 -581.811 
613.965 976.353 
-800.139 -447.264 
-203.477 260.771 
-249.847 -989.877 
-716.319 340.923 
940.572 -131.661 
307.058 395.472 
29.179 -725.565 
321.147 211.446 
824.315 972.908 
405.731 -792.891 
-152.475 -980.954 
781.128 715.298 
-508.019 237.287 
594.935 -939.209 
441.633 -809.051 
962.569 129.695 
-291.914 903.618 
251.645 643.448 
494.967 433.379 
20.679 -913.700 
-464.148 -891.473 
508.961 456.957 
-7.357 -453.555 
-914.572 662.578 
310.464 4.826 
472.819 -982.807 
159.959 402.020 
-559.505 729.335 
179.619 57.774 
574.088 -334.073 
452.273 566.173 
-871.593 -831.899 
-701.275 116.973 
46.607 922.728 
-349.000 291.242 
56.134 -989.324 
-682.375 -387.193 
829.543 455.885 
98.007 671.551 
274.621 -953.287 
470.690 -821.096 
-635.406 287.095 
201.397 -111.971 
-53.713 157.868 
-882.923 -968.424 
-78.805 -284.896 
-593.615 376.164 
-470.765 419.458 
-762.272 382.347 
-470.348 146.733 
346.807 -508.771 
9.163 -406.318 
-206.827 531.159 
-811.553 -12.749 
-139.136 810.880 
-560.478 -496.239 
425.337 -290.573 
-148.601 -417.401 
989.684 -912.488 
972.638 -327.652 
-189.766 66.024 
-676.274 495.983 
-618.584 935.137 
-499.138 235.808 
-410.539 -3.862 
657.444 -869.744 
-642.416 -795.961 
780.141 -379.251 
475.486 896.035 
590.713 -641.818 
-839.310 -910.240 
-732.863 -132.774 
-788.124 786.411 
726.652 -300.339 
-695.158 902.191 
932.807 -10.615 
813.071 69.417 
644.001 110.222 
446.561 259.397 
837.906 566.355 
-467.038 686.622 
-85.791 822.118 
-683.405 954.027 
642.939 -567.838 
79.058 631.583 
-654.044 564.433 
33.856 408.603 
-613.581 -955.487 
-37.064 -540.081 
-877.157 559.771 
-416.295 424.402 
414.018 815.836 
739.290 -323.298 
-479.003 419.968 
-90.162 839.741 
-102.353 -333.792 
-145.394 976.094 
920.969 -40.763 
24.394 526.787 
-431.416 -241.549 
72.219 427.204 
-155.048 642.671 
377.089 -228.495 
403.237 -784.924 
-148.274 881.571 
855.289 -644.079 
-56.677 347.248 
723.556 376.883 
788.446 922.266 
139.206 91.286 
-68.837 -834.731 
-352.432 585.109 
509.473 668.669 
-380.073 -374.129 
636.974 -356.774 
-984.305 929.386 
-991.721 557.018 
-931.627 523.780 
-348.801 -898.803 
373.707 -807.599 
-332.998 483.994 
957.703 922.542 
121.647 614.986 
-91.535 100.242 
772.975 839.896 
58.621 -709.271 
363.854 222.222 
-510.329 564.322 
-680.263 -718.816 
-82.886 5.594 
880.375 717.836 
764.630 -610.214 
-101.733 388.546 
-918.951 -957.760 
-298.511 937.578 
214.384 347.258 
-162.375 442.460 
434.265 -738.553 
257.266 -773.568 
988.125 952.639 
963.319 -249.979 
-581.860 -200.949 
405.885 275.242 
529.319 -215.694 
-15.110 287.193 
242.822 -407.238 
551.481 375.493 
-378.414 477.186 
-523.440 966.179 
743.348 -623.062 
-271.975 258.851 
729.478 -746.615 
307.680 -120.523 
97.334 232.466 
-637.135 -69.854 
-954.689 720.902 
-496.732 918.812 
-51.704 300.278 
681.744 270.348 
364.447 -368.162 
-555.170 657.704 
-457.829 -864.072 
-932.889 -553.911 
642.818 897.029 
-245.220 395.983 
691.732 -786.802 
177.922 266.954 
424.190 768.805 
184.934 -687.655 
81.335 54.955 
792.785 822.081 
-983.998 -779.914 
-210.920 -279.325 
-191.670 773.734 
545.608 -383.891 
606.560 -171.413 
-41.435 79.087 
-94.755 200.587 
286.497 -732.906 
672.898 -275.106 
394.906 183.237 
-673.946 612.553 
-677.154 537.756 
-231.771 -387.822 
582.518 -811.158 
485.529 -826.006 
870.905 938.462 
-997.012 -822.704 
-366.927 994.144 
-8.974 890.023 
-295.950 205.304 
972.614 177.518 
-85.890 200.226 
564.076 -315.125 
323.922 -9.823 
-750.592 394.592 
-29.585 479.003 
-467.856 296.385 
-746.500 -457.906 
991.401 899.306 
-128.319 33.250 
-47.240 -389.039 
999.728 -363.334 
672.511 -495.260 
251.331 312.748 
472.583 -446.660 
-375.380 867.001 
710.011 -193.555 
-680.780 -559.281 
484.885 914.849 
262.581 -164.438 
-527.131 51.528 
-968.202 320.491 
-796.952 609.562 
487.179 -532.263 
38.941 224.771 
369.787 122.444 
586.401 812.430 
141.358 291.595 
-270.563 -173.439 
297.965 861.253 
-644.033 41.148 
337.309 53.463 
965.334 751.360 
208.967 477.206 
599.220 542.963 
730.036 -833.985 
482.077 981.977 
563.643 -178.708 
855.011 941.440 
142.158 624.692 
98.730 -556.301 
-199.258 -406.743 
591.588 812.308 
-688.215 173.031 
802.847 -557.878 
-380.818 773.052 
67.745 -508.838 
950.206 493.743 
266.616 5.439 
311.538 -426.886 
-705.849 303.229 
289.056 592.916 
-823.853 536.463 
499.157 933.898 
610.512 -993.086 
-950.230 449.616 
790.175 -418.807 
-508.117 -113.049 
389.205 597.860 
232.603 973.941 
829.431 686.328 
-251.564 827.815 
940.560 -481.237 
370.474 -19.831 
-523.466 -321.754 
300.224 448.306 
644.747 655.941 
451.866 -19.338 
-168.578 -23.705 
-394.166 920.105 
